1897,11
1897,10
1897,9
1897,8
1897,7
1897,6
1897,5
1897,4
1897,3
1897,2
1897,1
1897,0
1896,11
1896,10
1896,9
1896,8
1896,7
1896,6
1896,5
1896,4
1896,3
1896,2
1896,1
1896,0
1882,5
1882,4
1882,3
1882,2
1882,1
1882,0
1881,5
1881,4
1881,3
1881,2
1881,1
1881,0
1880,7
1880,6
1880,5
1880,4
1880,3
1880,2
1880,1
1880,0
1879,4
1879,3
1879,2
1879,1
1879,0
1878,64
1878,40
1878,39
1878,38
1878,37
1878,36
1878,35
1878,34
1878,33
1878,32
1878,31
1878,30
1878,29
1878,28
1878,27
1878,26
1878,25
1878,24
1878,23
1878,22
1878,21
1878,20
1878,19
1878,18
1878,17
1878,16
1878,15
1878,14
1878,13
1878,12
1878,11
1878,10
1878,9
1878,8
1878,7
1878,6
1878,5
1878,4
1878,3
1878,2
1878,1
1878,0
4,3
4,2
4,1
4,0
3,6
3,5
3,4
3,3
3,2
3,1
3,0
2,10
2,9
2,7
2,6
2,4
2,2
1,2
0,444
0,443
0,432
0,431
0,429
0,428
0,426
0,425
0,424
0,423
0,420
0,418
0,408
0,392
0,384
0,380
0,378
0,374
0,366
0,365
0,362
0,356
0,338
0,331
0,323
0,315
0,311
0,306
0,243
1,1
1,3
1,0
2,1
2,8
2,5
2,3
2,0
0,9
0,325
0,310
0,305
0,308
0,304
0,303
0,302
0,307
0,12
0,10
0,8
0,0
0,397
0,300
0,370
0,299
0,298
0,343
0,297
0,369
0,296
0,395
0,295
0,357
0,294
0,414
0,293
0,393
0,292
0,321
0,291
0,290
0,319
0,289
0,320
0,288
0,430
0,287
0,412
0,286
0,348
0,285
0,422
0,284
0,283
0,368
0,282
0,367
0,281
0,411
1883,0
1883,1
1883,3
1883,4
1883,6
1884,0
1884,2
1885,0
1885,1
1885,3
1886,0
1886,2
1886,4
1886,5
1887,0
1887,1
1887,3
1887,4
1888,0
1888,2
1888,3
1888,5
1888,6
1889,1
1889,3
1889,4
1889,6
1890,0
1890,2
1890,3
1890,5
1890,7
1890,8
1891,1
1891,2
1891,4
1893,0
1893,1
1893,3
1893,4
1895,1
1895,2
1895,4
1895,6
1895,7
1895,9
1895,10
1895,11
1895,8
1895,5
1895,3
1895,0
1893,2
1891,5
1891,3
1891,0
1890,6
1890,4
1890,1
1889,5
1889,2
1889,0
1888,4
1888,1
1887,5
1887,2
1886,6
1886,3
1886,1
1885,2
1884,3
1884,1
1883,5
1883,2
0,280
0,351
0,279
0,407
0,278
0,350
0,277
0,416
0,276
0,347
0,275
0,318
0,274
0,317
0,273
0,404
0,272
0,345
0,271
0,316
0,270
0,269
0,309
0,268
0,336
0,267
0,446
0,266
0,346
0,265
0,379
0,264
0,385
0,263
0,386
0,262
0,401
0,261
0,442
0,260
0,344
0,259
0,340
0,258
0,342
0,257
0,256
0,441
0,255
0,341
0,254
0,253
0,339
0,252
0,398
0,251
0,314
0,250
0,249
0,248
0,328
0,247
0,313
0,246
0,409
0,245
0,363
0,244
0,427
0,242
0,406
0,241
0,438
0,240
0,332
0,239
0,238
0,439
0,237
0,312
0,236
0,337
0,235
0,333
0,234
0,410
0,233
0,436
0,232
0,381
0,231
0,383
0,230
0,229
0,335
0,228
0,400
0,227
0,361
0,226
0,435
0,225
0,382
0,224
0,417
0,223
0,360
0,222
0,399
0,221
0,434
0,220
0,219
0,396
0,218
0,413
0,217
0,405
0,216
0,402
0,215
0,394
0,214
0,359
0,213
0,334
0,212
0,388
0,211
0,389
0,210
0,391
0,209
0,390
0,208
0,372
0,207
0,387
0,206
0,301
0,205
0,330
0,204
0,203
0,440
0,202
0,355
0,201
0,445
0,200
0,354
0,199
0,198
0,421
0,197
0,447
0,196
0,373
0,195
0,329
0,194
0,353
0,193
0,327
0,192
0,63
0,377
0,62
0,358
0,61
0,60
0,437
0,59
0,326
0,58
0,57
0,403
0,56
0,375
0,55
0,352
0,54
0,376
0,53
0,349
0,52
0,324
0,51
0,50
0,364
0,49
0,322
0,48
0,419
0,47
0,433
0,46
0,371
0,45
0,415
0,6
0,5
0,1
0,11
0,4
0,2
0,3
0,7
